uri:/instrument/1.0/ibm/chartdata;type=quote;range=1y/csv
ticker:ibm
Company-Name:International Business Machines
Exchange-Name:NYQ
unit:DAY
timestamp:
first-trade:19620102
last-trade:20140731
currency:USD
previous_close_price:195.0400
Date:20130801,20140731
labels:20130801,20130903,20131001,20131101,20131202,20140102,20140203,20140303,20140401,20140501,20140602,20140701
values:Date,close,high,low,open,volume
close:172.8000,197.7700
high:173.7500,199.2100
low:172.1900,195.8800
open:172.1900,198.0500
volume:1613600,22368900
20130801,195.8100,197.1700,195.4100,196.6500,2877700
20130802,195.1600,195.5000,193.2200,195.5000,3874000
20130805,195.5000,195.8800,194.3500,195.1600,2490900
20130806,190.9900,192.5100,190.2700,192.2600,5938500
20130807,188.5600,189.9300,188.0500,189.6000,3901700
20130808,187.9300,189.8700,186.7900,189.4500,4547600
20130809,187.8200,189.1600,187.0000,188.0000,3249600
20130812,189.0900,189.5600,186.8900,186.9700,3026500
20130813,188.4200,189.9900,187.5600,189.5400,3542900
20130814,187.5300,188.9300,187.3000,188.5800,2892300
20130815,185.7900,187.0000,185.4500,186.2300,3692400
20130816,185.3400,186.4600,185.3400,185.5400,3426400
20130819,184.2300,186.5000,183.9800,185.3000,3248900
20130820,184.5600,185.6300,183.1700,184.3700,3117800
20130821,184.8600,186.5700,184.2800,184.6700,3551000
20130822,185.1900,186.2500,184.2500,185.6500,2354300
20130823,185.4200,185.7400,184.5700,185.3400,2292700
20130826,184.7400,187.0000,184.6800,185.2700,2170400
20130827,182.7400,184.5000,182.5700,183.6300,3190700
20130828,182.1600,183.4700,181.1000,182.6800,3979200
20130829,182.6400,183.7000,181.4400,181.9600,2980900
20130830,182.2700,182.9900,181.5100,182.7500,2731000
20130903,183.9600,184.3200,182.5100,183.6300,3487200
20130904,183.1300,184.1900,182.3100,183.5800,2597900
20130905,184.1500,185.0000,183.0700,183.3500,2867600
20130906,183.0300,184.9900,182.6500,184.6500,2903500
20130909,184.9800,185.4900,183.3100,183.6800,3017200
20130910,186.6000,187.6500,186.3700,187.2000,3149600
20130911,190.7000,190.8700,186.8200,186.8300,4962900
20130912,190.7300,191.3200,189.8500,190.9600,3354800
20130913,192.1700,193.1000,191.0000,191.2100,3710400
20130916,193.1500,194.8100,192.6100,193.7000,3902400
20130917,192.1600,194.1500,191.8300,193.4200,2930900
20130918,194.4200,194.8900,192.0000,192.6000,3841800
20130919,193.3900,194.8900,193.2200,194.1800,3178100
20130920,190.0200,194.4300,190.0200,193.9600,8525900
20130923,190.9900,192.4100,189.3300,190.0600,3340800
20130924,189.9700,191.5600,189.6600,190.9300,3085300
20130925,189.4700,190.6200,188.5000,190.1400,2654500
20130926,190.2200,191.7600,189.4600,190.1000,2093600
20130927,186.9200,188.9400,186.4500,188.8700,3905500
20130930,185.1800,186.7400,184.3400,185.5600,3978200
20131001,186.3800,186.6500,184.6500,185.3400,2681200
20131002,184.9600,186.3100,184.4100,185.5400,3617100
20131003,183.8600,184.9600,183.0000,184.7000,3211800
20131004,184.1000,185.1300,183.5800,184.1700,2863600
20131007,182.0100,183.3100,181.8500,181.8500,3966400
20131008,178.7200,181.9900,178.7100,181.8900,5578300
20131009,181.3200,181.6700,179.1000,179.3700,4423500
20131010,184.7700,184.7700,182.3600,183.1700,3658900
20131011,186.1600,186.2300,184.1200,185.2500,3232600
20131014,186.9700,186.9900,184.4200,185.4100,2663100
20131015,184.6600,185.9400,184.2200,185.7400,3365100
20131016,186.7300,186.7300,184.9900,185.4200,6718000
20131017,174.8300,177.0000,172.5700,173.8400,22368900
20131018,173.7800,175.0000,173.2500,174.8000,10548000
20131021,172.8600,174.7500,172.6300,174.4200,7098700
20131022,174.9700,175.5700,172.9500,173.3500,6977300
20131023,175.7700,175.9900,174.4000,175.0900,5409400
20131024,177.8000,177.8900,176.2500,176.4300,5533300
20131025,176.8500,179.1000,176.2600,178.4300,4842800
20131028,177.3500,177.8900,176.2000,177.0400,3712700
20131029,182.1200,182.3200,177.5000,177.6200,8904600
20131030,180.1500,182.1800,179.8600,181.6900,5273700
20131031,179.2100,181.6700,179.0400,179.6500,4318100
20131101,179.2300,180.3400,178.8800,179.8100,3644500
20131104,180.2700,180.8000,179.3400,179.9000,3483300
20131105,177.8500,179.8000,177.7100,179.5400,6096800
20131106,179.1900,179.7500,177.7800,177.9100,4560700
20131107,180.0000,181.3900,179.6000,179.6000,5219500
20131108,179.9900,180.0800,177.3500,178.8300,6275000
20131111,182.8800,183.3900,180.0400,180.1900,5222300
20131112,183.0700,184.0500,182.2600,182.5300,4258500
20131113,183.5500,183.5500,181.5900,182.2700,4704400
20131114,182.2100,183.2000,179.6600,180.4800,6321500
20131115,183.1900,183.2800,181.1600,182.3800,5176100
20131118,184.4700,184.9900,183.2700,183.5200,5344900
20131119,185.2500,186.2000,184.1500,184.6300,4577000
20131120,185.1900,186.2400,184.6500,185.2200,3645800
20131121,184.1300,185.7500,183.4100,185.5400,4459500
20131122,181.3000,184.9900,179.9200,183.5000,7610200
20131125,178.9400,180.7500,177.8200,180.2500,7161900
20131126,177.3100,178.9400,177.3100,178.6700,5756000
20131127,178.9700,180.1800,177.8200,177.8300,4596500
20131129,179.6800,180.7600,179.0000,179.2100,2870500
20131202,177.4800,179.5900,177.1200,179.4600,4560000
20131203,176.0800,178.2300,175.6400,177.0000,5864000
20131204,175.7400,177.5000,175.1600,175.3700,5267400
20131205,176.0800,176.8600,175.2800,176.1500,4384900
20131206,177.6700,178.0000,176.0100,176.7000,4739800
20131209,177.4600,178.1500,176.8300,177.9900,3796600
20131210,177.1200,177.6700,176.0600,176.9000,4127800
20131211,175.2000,177.7600,175.1000,177.0000,4090400
20131212,173.3700,175.8000,173.3000,175.0600,5671600
20131213,172.8000,174.3800,172.7300,173.5200,4184400
20131216,177.8500,178.3500,172.7300,173.2200,7517000
20131217,175.7600,177.4900,175.1200,177.3600,5471900
20131218,178.7000,178.7400,174.8500,176.4500,5697700
20131219,180.2200,180.5400,177.8800,177.8800,5927000
20131220,180.0200,182.0000,180.0200,180.1200,7653500
20131223,182.2300,182.9300,180.6100,181.0500,4079900
20131224,183.2200,183.5000,181.9100,181.9600,1613600
20131226,185.3500,185.5600,183.5100,183.5600,3325700
20131227,185.0800,186.5000,184.5600,185.8400,3381600
20131230,186.4100,186.7000,184.6700,185.3200,3018600
20131231,187.5700,187.7900,186.3000,186.4900,3619700
20140102,185.5300,187.4000,185.2000,187.2100,4546500
20140103,186.6400,187.3500,185.3000,185.8300,4063200
20140106,186.0000,187.3600,185.3000,187.1500,4067800
20140107,189.7100,190.3500,186.3800,186.3900,5932300
20140108,187.9700,189.4200,187.2600,189.3300,4603700
20140109,187.3800,189.5000,186.5500,189.0200,4321300
20140110,187.2600,188.5700,186.2800,188.3100,4022400
20140113,184.1600,186.9500,183.8600,186.2600,5784700
20140114,185.9200,186.4300,183.8800,185.0600,4619200
20140115,187.7400,188.6500,185.4900,185.8200,4816500
20140116,188.7600,188.9900,186.8000,187.5300,4770300
20140117,190.0900,190.8100,187.8600,188.0400,7644600
20140121,188.4300,190.3900,186.7900,190.2300,11076300
20140122,182.2500,183.5000,179.6700,181.2800,13796100
20140123,182.7300,183.7200,180.7100,181.4300,6973900
20140124,179.6400,182.8100,179.6400,181.2500,6890600
20140127,177.9000,179.6500,177.6600,179.6100,5208600
20140128,176.8500,178.4500,176.1600,178.0500,5333300
20140129,176.4000,178.5300,175.8900,175.9800,4970900
20140130,177.3600,177.8600,176.3600,177.1700,4853700
20140131,176.6800,177.8400,175.3400,176.1100,5193400
20140203,172.9000,176.0200,172.7200,176.0200,7186800
20140204,172.8400,173.7500,172.3600,173.5300,4349800
20140205,174.2400,174.9700,172.1900,172.1900,4712300
20140206,174.6700,174.8500,173.7900,173.9700,4292200
20140207,177.2500,177.5600,175.0700,175.6400,4692900
20140210,177.1400,177.6500,176.2500,176.9700,3540400
20140211,179.7000,180.3900,176.8000,176.8100,4647300
20140212,180.2400,181.2500,179.2600,179.5200,3983000
20140213,181.8400,182.3600,177.8600,178.2200,4482000
20140214,183.6900,184.4300,180.9900,181.2600,4659900
20140218,183.1900,184.0000,182.3200,183.1800,4435200
20140219,182.9500,185.6500,182.4100,182.7400,4671500
20140220,184.2600,184.8600,182.7900,182.9600,4968200
20140221,182.7900,185.7100,182.6200,184.2500,5699300
20140224,183.4500,185.1600,182.8200,182.8200,4595300
20140225,183.2300,184.6000,182.8800,183.5200,3902300
20140226,184.0600,185.2800,183.5600,183.9400,3740700
20140227,185.2700,185.9500,183.8100,183.8300,3827800
20140228,185.1700,186.1200,183.6500,185.3800,4667900
20140303,184.2600,184.6400,182.8200,183.3300,3950100
20140304,186.4400,187.1600,185.6800,185.8100,4733000
20140305,187.1400,187.9500,186.4000,186.5700,3485200
20140306,187.6400,188.3900,186.9000,187.3700,3817300
20140307,187.6800,188.9200,187.1800,188.3500,4117800
20140310,186.3900,188.3700,185.8500,187.5500,4591200
20140311,186.7600,188.4500,186.0400,187.4100,4229500
20140312,186.2200,187.4500,185.8900,186.0100,4833000
20140313,183.9000,187.0000,183.7100,186.4100,4913200
20140314,182.2100,184.2900,182.2100,183.8900,5490300
20140317,185.8100,186.3500,182.6600,182.6600,4938100
20140318,186.8100,187.9000,185.5400,185.9900,3961300
20140319,184.7100,186.7000,183.5000,185.6000,4323900
20140320,187.9000,188.2600,184.1700,184.4700,5062600
20140321,186.6700,188.7000,186.4000,188.5000,12535200
20140324,188.2500,189.4400,187.3700,187.4300,5738500
20140325,195.0400,195.4000,188.7000,188.7600,10912700
20140326,192.6200,195.6300,191.9600,194.9800,6851700
20140327,189.8300,192.6700,189.3200,191.9100,6767700
20140328,190.4500,192.6200,189.1100,189.9400,5194400
20140331,192.4900,193.7700,191.4000,191.6400,8537300
20140401,194.5000,195.1300,192.7800,193.1200,5394100
20140402,193.5500,194.5000,192.4900,194.2400,4924100
20140403,192.6900,193.3800,192.3500,193.2000,4091100
20140404,191.7700,193.9700,191.2800,193.1200,6089900
20140407,194.5200,195.3100,191.5700,191.7200,6740500
20140408,193.2900,194.1700,192.6900,193.8900,5125000
20140409,196.6400,197.0000,193.6000,193.8800,5480100
20140410,195.6800,199.2100,195.6600,196.0600,8417900
20140411,195.1900,197.0000,194.2700,195.0400,4835000
20140414,197.7700,198.2400,195.8800,196.2400,5431100
20140415,197.0200,197.4100,195.4200,195.9800,5351300
20140416,196.4000,198.7100,195.0000,198.0500,8527300
20140417,190.0100,190.7000,187.0100,187.2500,11255500
20140421,192.2700,192.8100,189.7400,189.8000,5419700
20140422,192.1500,193.0000,191.2000,192.0100,3878600
20140423,191.7300,192.4100,190.1100,191.7900,4736400
20140424,190.2200,192.2200,190.0300,192.2200,4407100
20140425,189.6300,190.6700,189.1100,190.5400,3871000
20140428,193.1400,193.9900,190.5800,191.1400,5638300
20140429,195.1100,195.9400,193.4100,193.5900,4626300
20140430,196.4700,196.8600,194.3500,194.3800,4206800
20140501,193.5300,196.7400,193.1500,196.3100,3674000
20140502,191.4400,193.8400,191.2500,193.7500,3049900
20140505,191.2600,191.4900,189.8000,191.0500,2222100
20140506,190.0300,190.9500,189.2500,190.9300,3188700
20140507,189.3000,190.3000,186.9300,189.3400,3821000
20140508,188.9100,190.5700,188.2300,189.1600,2431900
20140509,190.0800,190.5900,188.3700,188.9800,2261600
20140512,192.5700,193.0200,190.9400,191.1200,3777400
20140513,192.1900,193.0300,191.7600,192.7900,2226600
20140514,188.7200,191.9900,188.1700,191.9100,5251500
20140515,186.4600,189.0800,186.1800,189.0700,4202200
20140516,187.0600,187.4100,185.9300,186.2700,3949500
20140519,187.0000,187.1300,186.0400,186.6100,3270700
20140520,184.8900,186.7000,184.7000,186.2500,3026500
20140521,186.3900,187.1600,184.9500,185.8500,2988000
20140522,185.6800,186.4500,185.0300,186.4500,2218000
20140523,185.9400,186.1400,185.3100,185.8400,2562900
20140527,184.7800,185.6500,183.9300,184.8000,4793800
20140528,183.0800,184.8800,182.9400,184.4800,3721600
20140529,183.7600,183.7800,182.3300,183.6400,2759900
20140530,184.3600,184.5700,182.4900,183.3800,4620500
20140602,185.6900,186.2800,184.6700,184.7600,3200500
20140603,184.3700,185.7600,184.1200,185.5500,2517100
20140604,184.5100,185.4500,184.2000,184.7100,2376800
20140605,185.9800,186.0900,183.9200,184.6600,2852200
20140606,186.3700,187.6500,185.9000,186.4700,3296700
20140609,186.2200,187.6400,185.9600,186.2200,2728400
20140610,184.2900,186.2200,183.8200,186.2000,4154900
20140611,182.2500,184.2000,182.0100,183.6100,4061700
20140612,181.2200,182.5500,180.9100,182.4800,4425300
20140613,182.5600,183.0000,181.5200,182.0000,2773600
20140616,182.3500,182.7100,181.2400,182.4000,3538700
20140617,182.2600,182.8100,181.5600,181.9000,2445400
20140618,183.6000,183.6100,181.7900,182.0400,3931800
20140619,182.8200,184.4700,182.3600,184.1200,3551100
20140620,181.5500,182.6700,181.4000,182.5900,10686800
20140623,182.1400,182.2500,181.0000,181.9200,3231700
20140624,180.8800,183.0000,180.6500,181.5000,3875400
20140625,180.7200,180.9700,180.0600,180.2500,2762800
20140626,180.3700,181.3700,179.2700,180.8700,3258500
20140627,181.7100,182.4600,179.6600,179.7700,4575500
20140630,181.2700,181.9300,180.2600,181.3300,4223800
20140701,186.3500,187.2700,181.7000,181.7000,6643100
20140702,188.3900,188.9900,186.1700,186.3400,5093000
20140703,188.5300,188.8100,187.3500,188.3900,2422400
20140707,188.0400,188.2700,187.4400,187.6100,2958700
20140708,187.2200,188.0800,186.3700,187.6500,3135100
20140709,188.4200,188.9000,186.8900,187.6800,3309600
20140710,187.7000,188.0500,186.2100,186.4400,3177800
20140711,188.0000,188.3500,186.7100,187.7300,2402500
20140714,189.8600,190.4400,188.5300,188.5500,4501100
20140715,188.4900,190.0800,188.2100,189.5400,4864700
20140716,192.3600,193.3600,190.7600,192.2400,7812600
20140717,192.4900,195.9500,192.0000,192.3600,8846500
20140718,192.5000,193.4400,190.0000,191.9600,8166400
20140721,190.8500,191.7000,189.2500,191.3000,4154400
20140722,194.0900,194.7200,191.5600,191.5900,4853000
20140723,193.6300,194.9000,193.5700,194.1100,3584200
20140724,195.2400,195.6200,193.7500,193.9500,3503800
20140725,194.4000,195.9000,193.7900,195.3000,3376400
20140728,195.7800,196.4000,193.6500,194.3000,3242400
20140729,194.5700,195.8900,194.5400,195.3000,3264100
20140730,194.0000,195.9900,192.9000,195.2000,3943800
20140731,191.6700,194.2900,191.5400,192.8400,4207500
